
%liczba neuronów ukrytych: 10, liczba wejœæ sieci: 4
%wejœcie 1: u(k-4)
%wejœcie 2: u(k-5)
%wejœcie 3: y(k-1)
%wejœcie 4: y(k-2)
%uczenie w trybie OE
w10(1,1)=6.9920776488e-003; w1(1,1)=4.4633348963e-001; w1(1,2)=-4.0991926180e-001; w1(1,3)=-6.2199659947e-001; w1(1,4)=9.2177318637e-001; 
w10(2,1)=-8.2067457861e-001; w1(2,1)=-6.3709817257e-001; w1(2,2)=1.1355133123e-001; w1(2,3)=-2.6949617263e-001; w1(2,4)=-4.3665550720e-001; 
w10(3,1)=6.4050899727e-002; w1(3,1)=6.2309679629e-001; w1(3,2)=-2.9507690513e-001; w1(3,3)=-5.9828895053e-001; w1(3,4)=4.2109256751e-001; 
w10(4,1)=-1.3681564607e-001; w1(4,1)=6.8002881497e-001; w1(4,2)=4.4326789282e-001; w1(4,3)=6.5435571098e-001; w1(4,4)=-7.9142915855e-001; 
w10(5,1)=2.2088758816e-001; w1(5,1)=6.1368718171e-001; w1(5,2)=1.0416747949e-001; w1(5,3)=-6.8104109599e-001; w1(5,4)=5.1997090339e-001; 
w10(6,1)=-9.4689168459e-002; w1(6,1)=2.0316011271e-001; w1(6,2)=-3.4218295304e-001; w1(6,3)=-2.7927456165e-001; w1(6,4)=3.6614080671e-001; 
w10(7,1)=-2.2591124515e-001; w1(7,1)=7.3901333094e-001; w1(7,2)=2.2936042683e-001; w1(7,3)=2.3245810212e-001; w1(7,4)=-1.7045472386e-001; 
w10(8,1)=-4.7478034177e-002; w1(8,1)=-7.5037517169e-001; w1(8,2)=-4.2472244987e-001; w1(8,3)=4.4176976110e-001; w1(8,4)=-3.6322756341e-001; 
w10(9,1)=5.9318581188e-001; w1(9,1)=-2.2025755691e-001; w1(9,2)=3.4309037838e-002; w1(9,3)=-2.9246980726e-001; w1(9,4)=-4.6915984904e-002; 
w10(10,1)=-2.0022178852e+000; w1(10,1)=-8.5025423376e-001; w1(10,2)=-3.2156059362e+000; w1(10,3)=-1.7678560949e-002; w1(10,4)=1.4972086303e-001; 
w20=8.2605373480e-001; w2(1)=5.4402484208e-002; w2(2)=-6.2912265349e-001; w2(3)=-8.7878639152e-001; w2(4)=4.1199333147e-001; w2(5)=-2.7013414695e-001; w2(6)=6.3526023924e-001; w2(7)=-1.7665508601e-001; w2(8)=2.5768327702e-001; w2(9)=-1.9741486963e+000; w2(10)=-3.6200834370e-003; 

