
%liczba neuronów ukrytych: 8, liczba wejœæ sieci: 4
%wejœcie 1: u(k-4)
%wejœcie 2: u(k-5)
%wejœcie 3: y(k-1)
%wejœcie 4: y(k-2)
%uczenie w trybie ARX
w10(1,1)=7.8859225990e-002; w1(1,1)=4.1905632364e-001; w1(1,2)=3.1213934622e-001; w1(1,3)=-1.6430697714e-001; w1(1,4)=-1.1828196022e-001; 
w10(2,1)=6.1441988298e-001; w1(2,1)=8.9221167966e-002; w1(2,2)=1.1394962169e-001; w1(2,3)=7.3006742039e-001; w1(2,4)=-1.2953506598e-001; 
w10(3,1)=1.1872598202e+000; w1(3,1)=-3.5049958576e-002; w1(3,2)=-6.1971964687e-002; w1(3,3)=-3.5673311845e-001; w1(3,4)=8.3838748206e-002; 
w10(4,1)=-7.0115410929e-001; w1(4,1)=1.7061000536e-001; w1(4,2)=7.4332998728e-002; w1(4,3)=3.2856032656e-001; w1(4,4)=2.5808275451e-001; 
w10(5,1)=-5.1415047781e-001; w1(5,1)=-8.1033615595e-001; w1(5,2)=-5.4879577011e-001; w1(5,3)=5.8877653939e-001; w1(5,4)=-3.1845006523e-001; 
w10(6,1)=1.6662796844e+000; w1(6,1)=1.5632140637e-001; w1(6,2)=-1.6495943534e-001; w1(6,3)=-4.5017622183e-001; w1(6,4)=-6.3073451214e-002; 
w10(7,1)=-3.4738303200e-001; w1(7,1)=-1.5050344376e-002; w1(7,2)=-1.1646211980e-001; w1(7,3)=5.7366855411e-001; w1(7,4)=-3.3791621509e-001; 
w10(8,1)=5.1919131063e-001; w1(8,1)=-7.5584591274e-001; w1(8,2)=-3.5107300746e-001; w1(8,3)=3.5771112280e-002; w1(8,4)=-2.0821741409e-001; 
w20=1.1864628899e+000; w2(1)=2.0972050611e-001; w2(2)=1.1169117459e+000; w2(3)=-6.6501782960e-001; w2(4)=5.0799736516e-001; w2(5)=1.8406596284e-001; w2(6)=-6.1297446061e-001; w2(7)=1.1791834611e+000; w2(8)=2.0298334226e-001; 

