
%liczba neuronów ukrytych: 4, liczba wejœæ sieci: 4
%wejœcie 1: u(k-4)
%wejœcie 2: u(k-5)
%wejœcie 3: y(k-1)
%wejœcie 4: y(k-2)
%uczenie w trybie OE
w10(1,1)=3.9076456437e-001; w1(1,1)=-9.7447203142e-001; w1(1,2)=1.4261139312e+000; w1(1,3)=5.8332804065e-001; w1(1,4)=-3.6339537350e-001; 
w10(2,1)=1.6313670860e-001; w1(2,1)=3.1703149643e-001; w1(2,2)=3.3552471728e-001; w1(2,3)=-2.0892782440e+000; w1(2,4)=1.8491800162e+000; 
w10(3,1)=-9.8910635255e-001; w1(3,1)=5.8767842542e-001; w1(3,2)=-7.6768727599e-001; w1(3,3)=-6.8734095815e-002; w1(3,4)=5.2395127325e-001; 
w10(4,1)=-3.8407366859e-001; w1(4,1)=-7.3672032418e-001; w1(4,2)=7.5123721963e-001; w1(4,3)=4.6947376335e-001; w1(4,4)=-1.2070708398e+000; 
w20=6.0715028803e-001; w2(1)=8.1989653979e-001; w2(2)=-5.3904736346e-001; w2(3)=1.3887703776e+000; w2(4)=-6.1944114745e-001; 

