
%liczba neuronów ukrytych: 9, liczba wejœæ sieci: 4
%wejœcie 1: u(k-4)
%wejœcie 2: u(k-5)
%wejœcie 3: y(k-1)
%wejœcie 4: y(k-2)
%uczenie w trybie OE
w10(1,1)=6.5414727024e-001; w1(1,1)=-7.6812278711e-001; w1(1,2)=5.0971068730e-001; w1(1,3)=1.0266758541e+000; w1(1,4)=8.1664466084e-001; 
w10(2,1)=-1.6862672920e-001; w1(2,1)=1.8489089487e+000; w1(2,2)=1.9594576790e+000; w1(2,3)=-1.7329742171e-001; w1(2,4)=-1.8483559661e+000; 
w10(3,1)=1.0920887807e+000; w1(3,1)=-4.0820808674e-001; w1(3,2)=-5.4420730917e-001; w1(3,3)=6.1736372238e-001; w1(3,4)=7.1991970095e-001; 
w10(4,1)=-2.6249559157e-001; w1(4,1)=8.5379182751e-001; w1(4,2)=2.8695339896e-001; w1(4,3)=-9.8174297073e-001; w1(4,4)=1.0891486034e+000; 
w10(5,1)=-1.2626355546e+000; w1(5,1)=6.7372516462e-002; w1(5,2)=-8.8767134051e-002; w1(5,3)=2.7971307766e-001; w1(5,4)=3.0608906553e-001; 
w10(6,1)=1.6093281797e+000; w1(6,1)=2.1675391346e-001; w1(6,2)=-1.5347523019e+000; w1(6,3)=-2.8221291996e-001; w1(6,4)=2.0257782914e+000; 
w10(7,1)=-1.6312508133e-001; w1(7,1)=3.4362235633e-001; w1(7,2)=-2.2324956491e-001; w1(7,3)=4.1111858386e-001; w1(7,4)=1.1485887457e-001; 
w10(8,1)=5.0731853769e-001; w1(8,1)=-5.4976173144e-001; w1(8,2)=-9.5990164853e-001; w1(8,3)=-1.3525004114e+000; w1(8,4)=1.7084762492e+000; 
w10(9,1)=-8.8673327855e-001; w1(9,1)=6.2770439544e-001; w1(9,2)=1.4852724965e+000; w1(9,3)=6.5844912928e-001; w1(9,4)=-9.3758931692e-001; 
w20=9.8931222507e-001; w2(1)=4.3575906877e-001; w2(2)=3.9418136497e-002; w2(3)=-8.7700706079e-001; w2(4)=-4.4208004149e-001; w2(5)=8.8753410642e-001; w2(6)=2.9561353523e-001; w2(7)=1.2244722416e+000; w2(8)=2.9393918346e-001; w2(9)=1.4651604933e-001; 

