
%liczba neuronów ukrytych: 6, liczba wejœæ sieci: 4
%wejœcie 1: u(k-4)
%wejœcie 2: u(k-5)
%wejœcie 3: y(k-1)
%wejœcie 4: y(k-2)
%uczenie w trybie OE
w10(1,1)=4.5292823002e-001; w1(1,1)=4.3308447935e-001; w1(1,2)=-8.9098893621e-001; w1(1,3)=-1.1721708539e+000; w1(1,4)=-5.5536581997e-001; 
w10(2,1)=5.0055218520e-001; w1(2,1)=-6.6175459963e-001; w1(2,2)=1.4289380804e+000; w1(2,3)=-1.1637828451e+000; w1(2,4)=7.8047537016e-001; 
w10(3,1)=1.6991934874e+000; w1(3,1)=5.0318784765e-001; w1(3,2)=6.2700908047e-001; w1(3,3)=1.7173901271e-001; w1(3,4)=1.7390165793e+000; 
w10(4,1)=1.2971659845e-001; w1(4,1)=-7.4684216532e-002; w1(4,2)=-4.6590630792e-002; w1(4,3)=8.8709895008e-002; w1(4,4)=-1.2106477309e+000; 
w10(5,1)=2.6878418890e-001; w1(5,1)=-1.3488379882e+000; w1(5,2)=-2.2996822627e+000; w1(5,3)=-3.6752633447e-001; w1(5,4)=-2.4999861411e-001; 
w10(6,1)=-1.2205088426e+000; w1(6,1)=-1.7432584989e-001; w1(6,2)=2.0349678806e-001; w1(6,3)=5.4260361749e-001; w1(6,4)=6.1778384942e-002; 
w20=1.0848980885e+000; w2(1)=7.3497892963e-002; w2(2)=-3.4292628105e-001; w2(3)=2.1720894311e-001; w2(4)=-5.4381121628e-001; w2(5)=6.6327472136e-002; w2(6)=1.3213472455e+000; 

