
%liczba neuronów ukrytych: 8, liczba wejœæ sieci: 4
%wejœcie 1: u(k-4)
%wejœcie 2: u(k-5)
%wejœcie 3: y(k-1)
%wejœcie 4: y(k-2)
%uczenie w trybie OE
w10(1,1)=2.7392049651e-001; w1(1,1)=1.0473402766e-002; w1(1,2)=1.5136881056e-001; w1(1,3)=-1.3390295079e-001; w1(1,4)=-3.4510202113e-001; 
w10(2,1)=-1.3745898901e-002; w1(2,1)=8.2346621465e-002; w1(2,2)=2.8090024423e-002; w1(2,3)=1.0352501353e-002; w1(2,4)=-3.8398996355e-002; 
w10(3,1)=-4.5677900816e-001; w1(3,1)=-1.3629055361e-001; w1(3,2)=-1.4556334430e-001; w1(3,3)=1.1063109790e-001; w1(3,4)=4.3343616112e-001; 
w10(4,1)=-5.0477770099e-003; w1(4,1)=1.7679422773e-001; w1(4,2)=1.3271915729e-001; w1(4,3)=1.4144963856e-001; w1(4,4)=2.1778553043e-001; 
w10(5,1)=6.4220480243e-002; w1(5,1)=-2.3722219501e-001; w1(5,2)=-2.4530364723e-001; w1(5,3)=-5.0464735098e-002; w1(5,4)=1.4415295248e-003; 
w10(6,1)=-5.4930530304e-001; w1(6,1)=-2.9508713591e-001; w1(6,2)=-3.6060674304e-001; w1(6,3)=1.8001122891e-001; w1(6,4)=3.0932756656e-001; 
w10(7,1)=1.0509240725e-001; w1(7,1)=2.4023911858e-001; w1(7,2)=2.2888462308e-001; w1(7,3)=-5.3784358108e-002; w1(7,4)=-2.2395101090e-001; 
w10(8,1)=-2.8766150849e-002; w1(8,1)=5.1403554359e-002; w1(8,2)=2.0489914179e-001; w1(8,3)=-1.0052932877e-001; w1(8,4)=-1.2707254449e-001; 
w20=5.8209846347e-001; w2(1)=-4.3648225069e-001; w2(2)=-1.0327645952e-002; w2(3)=5.5975798600e-001; w2(4)=3.9438473079e-001; w2(5)=-1.2206707483e-001; w2(6)=4.6690621493e-001; w2(7)=-1.6762783058e-001; w2(8)=-7.1602500693e-002; 

