
%liczba neuronów ukrytych: 5, liczba wejœæ sieci: 4
%wejœcie 1: u(k-4)
%wejœcie 2: u(k-5)
%wejœcie 3: y(k-1)
%wejœcie 4: y(k-2)
%uczenie w trybie ARX
w10(1,1)=1.1650326141e+000; w1(1,1)=1.3770787249e-001; w1(1,2)=8.1074516535e-002; w1(1,3)=-4.9369069610e-001; w1(1,4)=1.1942069054e-001; 
w10(2,1)=-1.1700972519e+000; w1(2,1)=4.0994249405e-001; w1(2,2)=8.1652957010e-001; w1(2,3)=-8.6238091220e-001; w1(2,4)=4.5141718907e-001; 
w10(3,1)=-1.8837790997e-001; w1(3,1)=1.0774288572e+000; w1(3,2)=8.8779464623e-001; w1(3,3)=-3.3604579843e-001; w1(3,4)=-2.1257254218e-001; 
w10(4,1)=-1.3068410715e+000; w1(4,1)=-7.7919526415e-001; w1(4,2)=-8.7194013310e-001; w1(4,3)=-9.0701470316e-002; w1(4,4)=1.4113804389e-003; 
w10(5,1)=-4.3550322504e-001; w1(5,1)=5.6640930821e-002; w1(5,2)=1.0049426439e-001; w1(5,3)=-5.2965577422e-001; w1(5,4)=1.8827905299e-001; 
w20=4.1407008010e-001; w2(1)=-1.8210482146e+000; w2(2)=3.8468602337e-001; w2(3)=7.4614205384e-002; w2(4)=-2.7102550526e-001; w2(5)=-2.8807690689e+000; 

