
%liczba neuronów ukrytych: 7, liczba wejœæ sieci: 4
%wejœcie 1: u(k-4)
%wejœcie 2: u(k-5)
%wejœcie 3: y(k-1)
%wejœcie 4: y(k-2)
%uczenie w trybie OE
w10(1,1)=6.3880606168e-001; w1(1,1)=5.6406711871e-001; w1(1,2)=5.9088162334e-001; w1(1,3)=2.8100397994e-001; w1(1,4)=-6.4381090925e-001; 
w10(2,1)=5.6753273856e-001; w1(2,1)=3.8690231358e-001; w1(2,2)=7.3148469269e-002; w1(2,3)=-3.3256156285e-001; w1(2,4)=7.5877017497e-001; 
w10(3,1)=1.3722712835e-001; w1(3,1)=-1.3788825226e-001; w1(3,2)=-7.3767700482e-001; w1(3,3)=3.7840939405e-001; w1(3,4)=4.9749618503e-001; 
w10(4,1)=2.2846854896e-001; w1(4,1)=9.2756962547e-002; w1(4,2)=-7.2126752230e-002; w1(4,3)=8.5187241456e-001; w1(4,4)=3.9192400588e-002; 
w10(5,1)=1.8880255305e-001; w1(5,1)=-5.2248671029e-001; w1(5,2)=1.7679906746e-001; w1(5,3)=5.1645164534e-001; w1(5,4)=-1.8003080563e-001; 
w10(6,1)=-1.0419078984e+000; w1(6,1)=1.9799592734e-001; w1(6,2)=-3.1806138920e-002; w1(6,3)=-8.3183358531e-002; w1(6,4)=6.5878783670e-001; 
w10(7,1)=-4.1519790369e-001; w1(7,1)=-4.4573446229e-001; w1(7,2)=-3.0533754720e-001; w1(7,3)=7.2256516509e-001; w1(7,4)=-4.2948971725e-001; 
w20=5.1481746972e-001; w2(1)=7.1626659705e-001; w2(2)=8.6515054964e-001; w2(3)=-1.3280148337e-001; w2(4)=3.6894155818e-001; w2(5)=-3.3507145406e-002; w2(6)=8.9291266759e-001; w2(7)=1.8508635498e+000; 

