
%liczba neuronów ukrytych: 2, liczba wejœæ sieci: 4
%wejœcie 1: u(k-4)
%wejœcie 2: u(k-5)
%wejœcie 3: y(k-1)
%wejœcie 4: y(k-2)
%uczenie w trybie OE
w10(1,1)=-3.6121511030e-001; w1(1,1)=-2.2241532469e-002; w1(1,2)=1.8392182842e-002; w1(1,3)=4.9681976471e-001; w1(1,4)=-1.4054488300e-001; 
w10(2,1)=2.5329771179e-001; w1(2,1)=-2.1463587911e+000; w1(2,2)=-6.3696115850e+000; w1(2,3)=-2.4475677601e+001; w1(2,4)=2.1959756606e+001; 
w20=9.7454471272e-001; w2(1)=2.8439239421e+000; w2(2)=7.3220984146e-002; 

