
%liczba neuronów ukrytych: 5, liczba wejœæ sieci: 4
%wejœcie 1: u(k-4)
%wejœcie 2: u(k-5)
%wejœcie 3: y(k-1)
%wejœcie 4: y(k-2)
%uczenie w trybie OE
w10(1,1)=1.1595548725e+000; w1(1,1)=1.4675857984e+000; w1(1,2)=-3.2858288329e-001; w1(1,3)=-6.5237864733e-002; w1(1,4)=4.8934921406e-001; 
w10(2,1)=1.0441557138e+000; w1(2,1)=1.1156411980e+000; w1(2,2)=1.4007267340e+000; w1(2,3)=8.1932338235e-002; w1(2,4)=-4.4198813340e-001; 
w10(3,1)=-1.1054776126e+000; w1(3,1)=2.1991622994e-001; w1(3,2)=-3.5179805228e-001; w1(3,3)=2.1780770653e-001; w1(3,4)=3.5747352134e-001; 
w10(4,1)=-6.9956411082e-001; w1(4,1)=-1.3526019817e+000; w1(4,2)=-1.3227347163e-001; w1(4,3)=1.6904844639e+000; w1(4,4)=-1.2757338496e+000; 
w10(5,1)=-3.0402427479e-001; w1(5,1)=-2.4030522628e-001; w1(5,2)=2.3076780682e-001; w1(5,3)=6.5582792443e-002; w1(5,4)=-9.5696025653e-001; 
w20=7.5403654124e-001; w2(1)=2.8466995944e-001; w2(2)=2.3592650269e-001; w2(3)=1.2577492839e+000; w2(4)=5.6625513985e-001; w2(5)=-5.9859060709e-001; 

