
%liczba neuronów ukrytych: 1, liczba wejœæ sieci: 4
%wejœcie 1: u(k-4)
%wejœcie 2: u(k-5)
%wejœcie 3: y(k-1)
%wejœcie 4: y(k-2)
%uczenie w trybie OE
w10(1,1)=-3.8313265670e-001; w1(1,1)=-7.8912922497e-003; w1(1,2)=-1.3008360725e-001; w1(1,3)=4.6509175951e-002; w1(1,4)=3.1897156196e-001; 
w20=9.2474465734e-001; w2(1)=2.5255596769e+000; 

