
%liczba neuronów ukrytych: 8, liczba wejœæ sieci: 4
%wejœcie 1: u(k-4)
%wejœcie 2: u(k-5)
%wejœcie 3: y(k-1)
%wejœcie 4: y(k-2)
%uczenie w trybie ARX
w10(1,1)=1.0735573710e+000; w1(1,1)=1.5830794154e-001; w1(1,2)=1.5383094488e-001; w1(1,3)=-3.0505112885e-001; w1(1,4)=4.9133964288e-002; 
w10(2,1)=1.0144932160e-001; w1(2,1)=-3.8395474988e-001; w1(2,2)=-2.3482448096e-001; w1(2,3)=1.1701165176e-001; w1(2,4)=3.3769791307e-001; 
w10(3,1)=-7.5775206352e-001; w1(3,1)=1.1548225326e-001; w1(3,2)=-1.6043856667e-001; w1(3,3)=-4.7459419101e-001; w1(3,4)=-4.3366006897e-001; 
w10(4,1)=6.3905006253e-001; w1(4,1)=4.8801002466e-001; w1(4,2)=2.6261087789e-001; w1(4,3)=2.5613737548e-001; w1(4,4)=3.9374136535e-002; 
w10(5,1)=2.1717439539e-001; w1(5,1)=4.7978957690e-001; w1(5,2)=1.4810998723e-001; w1(5,3)=-6.8304528133e-001; w1(5,4)=5.4183132514e-001; 
w10(6,1)=-9.0063288011e-001; w1(6,1)=2.3640251177e-001; w1(6,2)=1.1838117378e-001; w1(6,3)=1.8229598437e-001; w1(6,4)=2.8952713169e-001; 
w10(7,1)=-1.4682246215e-001; w1(7,1)=-1.3753186744e-002; w1(7,2)=8.9500140335e-002; w1(7,3)=-5.8060355003e-001; w1(7,4)=1.7794081324e-001; 
w10(8,1)=-3.0261238090e-002; w1(8,1)=-8.5792943505e-002; w1(8,2)=-2.8047986151e-004; w1(8,3)=-2.4440931761e-001; w1(8,4)=8.1310389910e-003; 
w20=6.7690546017e-001; w2(1)=-8.1547536694e-001; w2(2)=-2.1157660354e-001; w2(3)=-1.7629098347e-001; w2(4)=6.1433901794e-001; w2(5)=-8.6744222834e-001; w2(6)=6.1113442193e-001; w2(7)=-9.4026998547e-001; w2(8)=-5.7112452062e-001; 

